№     Дата/время           Температура (°C) Осадки (мм)    
----------------------------------------------------------------------------
1     2025-05-30T00:00     16.1            0.0            
2     2025-05-30T01:00     15.8            0.0            
3     2025-05-30T02:00     16.7            0.0            
4     2025-05-30T03:00     19.1            0.0            
5     2025-05-30T04:00     21.0            0.0            
6     2025-05-30T05:00     22.9            0.0            
7     2025-05-30T06:00     25.2            0.0            
8     2025-05-30T07:00     27.2            0.0            
9     2025-05-30T08:00     28.8            0.0            
10    2025-05-30T09:00     29.0            0.0            
11    2025-05-30T10:00     30.0            0.0            
12    2025-05-30T11:00     30.1            0.0            
13    2025-05-30T12:00     29.5            0.0            
14    2025-05-30T13:00     29.1            0.0            
15    2025-05-30T14:00     28.8            0.0            
16    2025-05-30T15:00     27.7            0.0            
17    2025-05-30T16:00     25.9            0.0            
18    2025-05-30T17:00     23.5            0.0            
19    2025-05-30T18:00     22.1            0.0            
20    2025-05-30T19:00     21.1            0.0            
21    2025-05-30T20:00     20.4            0.0            
22    2025-05-30T21:00     19.8            0.0            
23    2025-05-30T22:00     19.1            0.0            
24    2025-05-30T23:00     18.5            0.0            
25    2025-05-31T00:00     18.4            0.0            
26    2025-05-31T01:00     18.5            0.0            
27    2025-05-31T02:00     18.6            0.0            
28    2025-05-31T03:00     19.4            0.0            
29    2025-05-31T04:00     20.6            0.0            
30    2025-05-31T05:00     22.8            0.0            
31    2025-05-31T06:00     24.6            0.0            
32    2025-05-31T07:00     26.2            0.0            
33    2025-05-31T08:00     28.0            0.0            
34    2025-05-31T09:00     29.6            0.0            
35    2025-05-31T10:00     30.1            0.0            
36    2025-05-31T11:00     30.4            0.0            
37    2025-05-31T12:00     30.5            0.0            
38    2025-05-31T13:00     28.9            0.0            
39    2025-05-31T14:00     27.2            0.0            
40    2025-05-31T15:00     25.4            0.0            
41    2025-05-31T16:00     23.9            0.0            
42    2025-05-31T17:00     22.1            0.0            
43    2025-05-31T18:00     19.6            0.0            
44    2025-05-31T19:00     18.9            0.0            
45    2025-05-31T20:00     18.1            0.0            
46    2025-05-31T21:00     17.8            0.0            
47    2025-05-31T22:00     17.7            0.0            
48    2025-05-31T23:00     17.1            0.0            
49    2025-06-01T00:00     16.3            0.0            
50    2025-06-01T01:00     15.9            0.0            
51    2025-06-01T02:00     16.7            0.0            
52    2025-06-01T03:00     17.7            0.0            
53    2025-06-01T04:00     18.0            0.0            
54    2025-06-01T05:00     17.5            0.0            
55    2025-06-01T06:00     17.3            0.0            
56    2025-06-01T07:00     17.0            0.3            
57    2025-06-01T08:00     17.8            0.6            
58    2025-06-01T09:00     18.7            0.2            
59    2025-06-01T10:00     20.0            0.0            
60    2025-06-01T11:00     21.1            0.0            
61    2025-06-01T12:00     19.5            0.0            
62    2025-06-01T13:00     19.1            0.0            
63    2025-06-01T14:00     18.9            0.0            
64    2025-06-01T15:00     17.8            0.0            
65    2025-06-01T16:00     16.9            0.0            
66    2025-06-01T17:00     16.1            0.0            
67    2025-06-01T18:00     15.3            0.0            
68    2025-06-01T19:00     14.7            0.0            
69    2025-06-01T20:00     13.9            0.0            
70    2025-06-01T21:00     13.3            0.0            
71    2025-06-01T22:00     12.4            0.0            
72    2025-06-01T23:00     11.5            0.0            
73    2025-06-02T00:00     10.6            0.0            
74    2025-06-02T01:00     9.8             0.0            
75    2025-06-02T02:00     9.9             0.0            
76    2025-06-02T03:00     10.8            0.0            
77    2025-06-02T04:00     12.1            0.0            
78    2025-06-02T05:00     13.5            0.0            
79    2025-06-02T06:00     15.0            0.0            
80    2025-06-02T07:00     15.7            0.0            
81    2025-06-02T08:00     16.3            0.0            
82    2025-06-02T09:00     17.2            0.0            
83    2025-06-02T10:00     17.9            0.0            
84    2025-06-02T11:00     18.5            0.0            
85    2025-06-02T12:00     18.4            0.0            
86    2025-06-02T13:00     18.5            0.0            
87    2025-06-02T14:00     18.4            0.0            
88    2025-06-02T15:00     17.9            0.0            
89    2025-06-02T16:00     16.9            0.0            
90    2025-06-02T17:00     15.0            0.0            
91    2025-06-02T18:00     12.8            0.0            
92    2025-06-02T19:00     11.9            0.0            
93    2025-06-02T20:00     11.4            0.0            
94    2025-06-02T21:00     11.0            0.0            
95    2025-06-02T22:00     10.6            0.0            
96    2025-06-02T23:00     10.4            0.0            
97    2025-06-03T00:00     10.5            0.0            
98    2025-06-03T01:00     11.0            0.0            
99    2025-06-03T02:00     11.7            0.0            
100   2025-06-03T03:00     12.6            0.0            
101   2025-06-03T04:00     13.4            0.0            
102   2025-06-03T05:00     14.2            0.0            
103   2025-06-03T06:00     15.1            0.0            
104   2025-06-03T07:00     16.3            0.0            
105   2025-06-03T08:00     17.6            0.0            
106   2025-06-03T09:00     18.6            0.0            
107   2025-06-03T10:00     19.1            0.0            
108   2025-06-03T11:00     19.2            0.0            
109   2025-06-03T12:00     19.2            0.0            
110   2025-06-03T13:00     19.3            0.0            
111   2025-06-03T14:00     19.2            0.0            
112   2025-06-03T15:00     18.8            0.0            
113   2025-06-03T16:00     17.8            0.0            
114   2025-06-03T17:00     16.5            0.0            
115   2025-06-03T18:00     15.4            0.0            
116   2025-06-03T19:00     14.8            0.0            
117   2025-06-03T20:00     14.6            0.0            
118   2025-06-03T21:00     14.2            0.0            
119   2025-06-03T22:00     13.6            0.0            
120   2025-06-03T23:00     13.0            0.0            
121   2025-06-04T00:00     12.6            0.0            
122   2025-06-04T01:00     12.7            0.0            
123   2025-06-04T02:00     13.0            0.0            
124   2025-06-04T03:00     13.3            0.0            
125   2025-06-04T04:00     13.8            0.0            
126   2025-06-04T05:00     14.3            0.0            
127   2025-06-04T06:00     14.6            0.0            
128   2025-06-04T07:00     14.8            0.0            
129   2025-06-04T08:00     14.8            0.0            
130   2025-06-04T09:00     14.8            0.0            
131   2025-06-04T10:00     14.8            0.0            
132   2025-06-04T11:00     14.8            0.0            
133   2025-06-04T12:00     14.7            0.0            
134   2025-06-04T13:00     14.5            0.0            
135   2025-06-04T14:00     14.0            0.0            
136   2025-06-04T15:00     13.4            0.0            
137   2025-06-04T16:00     12.6            0.4            
138   2025-06-04T17:00     11.8            0.4            
139   2025-06-04T18:00     11.3            0.4            
140   2025-06-04T19:00     11.3            0.1            
141   2025-06-04T20:00     11.7            0.1            
142   2025-06-04T21:00     12.0            0.1            
143   2025-06-04T22:00     11.8            0.0            
144   2025-06-04T23:00     11.6            0.0            
145   2025-06-05T00:00     11.4            0.0            
146   2025-06-05T01:00     11.5            0.0            
147   2025-06-05T02:00     11.6            0.0            
148   2025-06-05T03:00     12.3            0.0            
149   2025-06-05T04:00     13.6            0.0            
150   2025-06-05T05:00     15.4            0.0            
151   2025-06-05T06:00     17.1            0.0            
152   2025-06-05T07:00     18.3            0.0            
153   2025-06-05T08:00     19.4            0.0            
154   2025-06-05T09:00     20.3            0.0            
155   2025-06-05T10:00     20.9            0.0            
156   2025-06-05T11:00     21.3            0.0            
157   2025-06-05T12:00     21.5            0.0            
158   2025-06-05T13:00     21.8            0.0            
159   2025-06-05T14:00     21.8            0.0            
160   2025-06-05T15:00     21.3            0.0            
161   2025-06-05T16:00     19.8            0.0            
162   2025-06-05T17:00     17.6            0.0            
163   2025-06-05T18:00     15.8            0.0            
164   2025-06-05T19:00     14.6            0.0            
165   2025-06-05T20:00     13.6            0.0            
166   2025-06-05T21:00     12.9            0.0            
167   2025-06-05T22:00     12.3            0.0            
168   2025-06-05T23:00     11.9            0.0            
